6.418437570753224116e-12 1.522976281845114224e-08
4.381401140762328100e-10 4.868764492417508706e-06
2.003070349505514634e-08 4.797759615674073428e-04
6.133083499211304602e-07 1.457311158329905112e-02
1.257653611589713540e-05 1.364458040308356712e-01
1.727200268791250241e-04 3.937877195574503442e-01
1.588633956703503847e-03 3.503146024828591720e-01
9.785983414205381634e-03 9.606128727711363280e-02
4.037240294844221533e-02 8.119562935326698344e-03
1.115486228061966928e-01 2.115490072308485190e-04
2.064159801553382412e-01 1.698961039210993973e-06
2.558125867254850139e-01 4.205812783447835156e-09
2.123244423173761553e-01 3.209301673838856751e-12
1.180259662659747799e-01 7.548579572347902649e-16
4.393945106367094094e-02 5.472855999296778922e-20
