6.418437570753226539e-12 1.522976281845113893e-08
4.381401140762329651e-10 4.868764492417507859e-06
2.003070349505514965e-08 4.797759615674072886e-04
6.133083499211305661e-07 1.457311158329904939e-02
1.257653611589713879e-05 1.364458040308356712e-01
1.727200268791250783e-04 3.937877195574502887e-01
1.588633956703504281e-03 3.503146024828591720e-01
9.785983414205383368e-03 9.606128727711363280e-02
4.037240294844222921e-02 8.119562935326696609e-03
1.115486228061967067e-01 2.115490072308485190e-04
2.064159801553382689e-01 1.698961039210993761e-06
2.558125867254850139e-01 4.205812783447835156e-09
2.123244423173762108e-01 3.209301673838856347e-12
1.180259662659748077e-01 7.548579572347901663e-16
4.393945106367096176e-02 5.472855999296777718e-20
